0 0.5671875 0.46640625 0.25 0.1078125
0 0.1609375 0.46875 0.190625 0.115625
0 0.81796875 0.48125 0.2234375 0.1375
0 0.34921875 0.4890625 0.1671875 0.159375
0 0.3453125 0.6578125 0.171875 0.059375
0 0.75234375 0.67421875 0.4015625 0.0921875
0 0.159375 0.6859375 0.190625 0.109375
0 0.490625 0.7046875 0.084375 0.146875
0 0.19453125 0.83671875 0.2515625 0.0671875
0 0.6921875 0.846875 0.171875 0.084375
0 0.45390625 0.86484375 0.1984375 0.1140625
0 0.86953125 0.87265625 0.1265625 0.128125
0 0.26328125 0.265625 0.15 0.1265625
0 0.1140625 0.2671875 0.1 0.1234375
0 0.63671875 0.275 0.1421875 0.140625
0 0.453125 0.2765625 0.2 0.171875
0 0.83203125 0.28203125 0.2296875 0.15