0 0.54609375 0.440625 0.153125 0.265625
0 0.465625 0.8390625 0.15 0.209375
0 0.57890625 0.19140625 0.178125 0.2453125
0 0.48203125 0.65 0.1890625 0.19375
0 0.315625 0.621875 0.090625 0.1796875
0 0.37734375 0.21875 0.1671875 0.4125
0 0.25234375 0.79921875 0.14375 0.2078125
0 0.29765625 0.4703125 0.1609375 0.1109375
0 0.1109375 0.7359375 0.1140625 0.259375
0 0.19609375 0.2453125 0.115625 0.184375
0 0.1328125 0.47578125 0.15 0.2171875
0 0.2046875 0.0703125 0.15 0.140625
0 0.68515625 0.77734375 0.153125 0.171875
0 0.6546875 0.9234375 0.140625 0.121875
0 0.746875 0.40859375 0.165625 0.1671875
0 0.71015625 0.58828125 0.20625 0.2296875
0 0.77734375 0.215625 0.190625 0.2546875