0 0.88203125 0.86484375 0.06875 0.234375
0 0.915625 0.55 0.0765625 0.2125
0 0.9484375 0.234375 0.06875 0.203125
0 0.79375 0.8578125 0.071875 0.234375
0 0.825 0.54375 0.0765625 0.2125
0 0.85859375 0.22578125 0.0875 0.2125
0 0.7015625 0.846875 0.075 0.2171875
0 0.61328125 0.8328125 0.0765625 0.228125
0 0.51796875 0.8234375 0.075 0.2296875
0 0.428125 0.8046875 0.075 0.2390625
0 0.3390625 0.8078125 0.0765625 0.209375
0 0.24921875 0.7984375 0.0765625 0.209375
0 0.15859375 0.784375 0.078125 0.221875
0 0.06796875 0.78515625 0.0765625 0.2125
0 0.73515625 0.5296875 0.0703125 0.2171875
0 0.64453125 0.525 0.078125 0.2078125
0 0.5546875 0.51171875 0.071875 0.2125
0 0.46171875 0.5078125 0.0765625 0.2078125
0 0.37109375 0.49609375 0.075 0.196875
0 0.2828125 0.4875 0.0703125 0.20625
0 0.190625 0.47421875 0.0734375 0.2140625
0 0.1015625 0.4671875 0.0765625 0.2125
0 0.7703125 0.21171875 0.075 0.20625
0 0.675 0.21015625 0.084375 0.209375
0 0.5875 0.19921875 0.08125 0.203125
0 0.49765625 0.18359375 0.071875 0.2125
0 0.40390625 0.1796875 0.075 0.2390625
0 0.3171875 0.16875 0.078125 0.2046875
0 0.225 0.1546875 0.075 0.2359375
0 0.134375 0.1515625 0.06875 0.2203125