0 0.13125 0.12265625 0.0765625 0.234375
0 0.0859375 0.43515625 0.08125 0.2109375
0 0.04296875 0.75 0.075 0.2015625
0 0.21875 0.13203125 0.08125 0.2359375
0 0.1765625 0.4453125 0.08125 0.2109375
0 0.13203125 0.76171875 0.09375 0.2125
0 0.3109375 0.14609375 0.08125 0.2171875
0 0.3984375 0.1640625 0.0828125 0.2296875
0 0.49375 0.1765625 0.08125 0.2296875
0 0.5828125 0.19765625 0.084375 0.2390625
0 0.671875 0.1984375 0.084375 0.2109375
0 0.7609375 0.2109375 0.0828125 0.2109375
0 0.8515625 0.22734375 0.0859375 0.225
0 0.9421875 0.2296875 0.08125 0.2125
0 0.26640625 0.4625 0.078125 0.2203125
0 0.35703125 0.46953125 0.0859375 0.2109375
0 0.44609375 0.4859375 0.0765625 0.2109375
0 0.5390625 0.49375 0.084375 0.2078125
0 0.62890625 0.50859375 0.08125 0.1984375
0 0.71640625 0.5203125 0.078125 0.20625
0 0.8078125 0.5359375 0.0796875 0.2125
0 0.89765625 0.54609375 0.08125 0.2109375
0 0.21953125 0.778125 0.08125 0.20625
0 0.31484375 0.78359375 0.090625 0.209375
0 0.40234375 0.79765625 0.0875 0.2046875
0 0.49140625 0.815625 0.0765625 0.2109375
0 0.584375 0.8234375 0.0828125 0.2375
0 0.67109375 0.8375 0.084375 0.2046875
0 0.7625 0.8546875 0.08125 0.234375
0 0.853125 0.8609375 0.0765625 0.221875