0 0.86953125 0.5671875 0.1046875 0.834375
0 0.70625 0.396875 0.1875 0.7515625
0 0.565625 0.50234375 0.0890625 0.9546875
0 0.70859375 0.86484375 0.1796875 0.1640625
0 0.49453125 0.3328125 0.0546875 0.625
0 0.4890625 0.82578125 0.059375 0.3359375
0 0.403125 0.28125 0.128125 0.5375
0 0.40625 0.7796875 0.0890625 0.4375
0 0.2625 0.51171875 0.15 0.9734375
0 0.13515625 0.34375 0.090625 0.65625
0 0.16640625 0.83046875 0.0453125 0.3359375
0 0.12578125 0.83046875 0.0421875 0.3359375
0 0.04140625 0.309375 0.0828125 0.53125
0 0.04296875 0.7828125 0.0796875 0.365625