0 0.87421875 0.528125 0.1921875 0.840625
0 0.69453125 0.3796875 0.2640625 0.759375
0 0.565625 0.4953125 0.1890625 0.959375
0 0.7453125 0.84140625 0.1953125 0.1828125
0 0.47734375 0.334375 0.1203125 0.6265625
0 0.5234375 0.825 0.0921875 0.340625
0 0.38046875 0.2921875 0.1828125 0.546875
0 0.4359375 0.7828125 0.134375 0.434375
0 0.26484375 0.521875 0.2515625 0.95625
0 0.12109375 0.3828125 0.1578125 0.6609375
0 0.20234375 0.846875 0.0796875 0.30625
0 0.16171875 0.84921875 0.0765625 0.3015625
0 0.04609375 0.3578125 0.0921875 0.5375
0 0.075 0.82109375 0.11875 0.3578125