0 0.40390625 0.8578125 0.8078125 0.20625
0 0.57734375 0.7171875 0.76875 0.278125
0 0.48984375 0.56484375 0.9578125 0.2046875
0 0.1125 0.6625 0.184375 0.1984375
0 0.66640625 0.51484375 0.6265625 0.1296875
0 0.178125 0.44921875 0.340625 0.1
0 0.72734375 0.43046875 0.5453125 0.1921875
0 0.23359375 0.37265625 0.4453125 0.1421875
0 0.5125 0.26171875 0.975 0.2671875
0 0.68359375 0.15703125 0.6328125 0.1703125
0 0.2125 0.12890625 0.3390625 0.0859375
0 0.21796875 0.08828125 0.3390625 0.0828125
0 0.73828125 0.0703125 0.5234375 0.140625
0 0.275 0.03671875 0.371875 0.0734375