0 0.715625 0.96015625 0.0625 0.0796875
0 0.66953125 0.94375 0.0703125 0.1125
0 0.6203125 0.9421875 0.071875 0.115625
0 0.571875 0.9390625 0.071875 0.121875
0 0.5203125 0.93125 0.071875 0.1375
0 0.471875 0.92265625 0.071875 0.1421875
0 0.4234375 0.9125 0.0734375 0.1390625
0 0.37578125 0.90078125 0.0734375 0.1484375
0 0.32421875 0.89296875 0.0640625 0.1359375
0 0.27578125 0.8796875 0.08125 0.15
0 0.22578125 0.8703125 0.0671875 0.146875
0 0.17890625 0.86328125 0.0703125 0.146875
0 0.128125 0.85 0.065625 0.146875
0 0.078125 0.84140625 0.0703125 0.14375
0 0.0328125 0.8328125 0.065625 0.15
0 0.00859375 0.7546875 0.0171875 0.146875
0 0.80625 0.559375 0.075 0.14375
0 0.75859375 0.54765625 0.0796875 0.15625
0 0.70703125 0.53828125 0.071875 0.1421875
0 0.66015625 0.528125 0.0703125 0.1421875
0 0.6109375 0.51796875 0.071875 0.1484375
0 0.56015625 0.50546875 0.0671875 0.14375
0 0.51171875 0.49140625 0.0765625 0.153125
0 0.46015625 0.48828125 0.0734375 0.15
0 0.4125 0.47734375 0.071875 0.1625
0 0.365625 0.465625 0.0765625 0.146875
0 0.3125 0.4578125 0.0703125 0.1421875
0 0.26796875 0.44375 0.078125 0.146875
0 0.215625 0.4359375 0.078125 0.1546875
0 0.1671875 0.421875 0.078125 0.1578125
0 0.11796875 0.41640625 0.075 0.14375