0 0.134375 0.8734375 0.0578125 0.1078125
0 0.1828125 0.87578125 0.0625 0.146875
0 0.23046875 0.8890625 0.0625 0.14375
0 0.2796875 0.89453125 0.0625 0.134375
0 0.33125 0.9015625 0.0640625 0.14375
0 0.38203125 0.90703125 0.065625 0.140625
0 0.43046875 0.9140625 0.065625 0.1390625
0 0.4796875 0.91953125 0.0625 0.146875
0 0.53046875 0.9296875 0.0546875 0.1359375
0 0.58125 0.9296875 0.071875 0.140625
0 0.63125 0.934375 0.059375 0.13125
0 0.6765625 0.9390625 0.0625 0.121875
0 0.7296875 0.94140625 0.05625 0.1171875
0 0.7796875 0.946875 0.0625 0.10625
0 0.828125 0.94921875 0.065625 0.1015625
0 0.9 0.9171875 0.065625 0.146875
0 0.1921875 0.4515625 0.0671875 0.140625
0 0.24140625 0.45625 0.071875 0.1546875
0 0.29296875 0.465625 0.065625 0.1421875
0 0.33984375 0.471875 0.0640625 0.1421875
0 0.3890625 0.47890625 0.0640625 0.146875
0 0.44140625 0.484375 0.059375 0.1453125
0 0.4921875 0.4875 0.0671875 0.1515625
0 0.54140625 0.50234375 0.0640625 0.15
0 0.590625 0.50859375 0.0640625 0.1625
0 0.6375 0.5140625 0.06875 0.1453125
0 0.690625 0.52421875 0.0625 0.1421875
0 0.7375 0.5265625 0.06875 0.1453125
0 0.7890625 0.53671875 0.06875 0.153125
0 0.8390625 0.540625 0.06875 0.15625
0 0.88828125 0.55234375 0.06875 0.1421875