0 0.25859375 0.0453125 0.0578125 0.090625
0 0.30703125 0.06015625 0.0640625 0.1203125
0 0.35625 0.06015625 0.065625 0.1203125
0 0.4046875 0.06328125 0.065625 0.1265625
0 0.45625 0.06875 0.065625 0.1375
0 0.50625 0.0765625 0.065625 0.140625
0 0.5546875 0.08359375 0.0671875 0.1390625
0 0.603125 0.09296875 0.0671875 0.146875
0 0.6546875 0.0984375 0.0578125 0.1359375
0 0.70390625 0.109375 0.075 0.1484375
0 0.7546875 0.115625 0.0609375 0.146875
0 0.8015625 0.1203125 0.0640625 0.1453125
0 0.853125 0.13125 0.059375 0.146875
0 0.903125 0.13671875 0.0625 0.1421875
0 0.953125 0.14296875 0.0671875 0.1484375
0 0.98515625 0.21796875 0.0296875 0.1453125
0 0.19140625 0.45625 0.06875 0.1421875
0 0.23984375 0.465625 0.071875 0.1546875
0 0.29140625 0.47265625 0.065625 0.140625
0 0.33828125 0.4796875 0.0640625 0.140625
0 0.38828125 0.4875 0.065625 0.146875
0 0.43984375 0.49765625 0.0609375 0.14375
0 0.4890625 0.509375 0.06875 0.153125
0 0.540625 0.509375 0.0671875 0.1484375
0 0.5890625 0.51796875 0.0640625 0.1625
0 0.6359375 0.52734375 0.0703125 0.1453125
0 0.68984375 0.53203125 0.0640625 0.140625
0 0.73515625 0.54453125 0.071875 0.1453125
0 0.7875 0.54921875 0.0703125 0.1546875
0 0.8359375 0.56015625 0.071875 0.1578125
0 0.8859375 0.56328125 0.06875 0.1421875