0 0.5 0.31015625 0.115625 0.15625
0 0.4890625 0.503125 0.1140625 0.1578125
0 0.515625 0.115625 0.1140625 0.1578125
0 0.46171875 0.8953125 0.1125 0.146875
0 0.475 0.69609375 0.1125 0.1453125
0 0.66484375 0.3203125 0.1140625 0.1578125
0 0.678125 0.13046875 0.1125 0.146875
0 0.6234375 0.90625 0.1125 0.146875
0 0.6390625 0.71015625 0.1171875 0.1625
0 0.65390625 0.5140625 0.1140625 0.159375
0 0.81171875 0.52421875 0.1140625 0.1609375
0 0.82578125 0.33125 0.1109375 0.1546875
0 0.803125 0.725 0.109375 0.146875
0 0.84375 0.1421875 0.109375 0.146875
0 0.78984375 0.91796875 0.109375 0.146875
0 0.9484375 0.73046875 0.075 0.1515625
0 0.96171875 0.53828125 0.075 0.1515625
0 0.96875 0.34453125 0.0625 0.1515625
0 0.97578125 0.14921875 0.0484375 0.1484375
0 0.934375 0.92578125 0.075 0.1484375
0 0.16953125 0.28671875 0.109375 0.1515625
0 0.1859375 0.090625 0.1078125 0.1578125
0 0.146875 0.67890625 0.1109375 0.146875
0 0.1609375 0.48046875 0.1109375 0.1453125
0 0.13359375 0.86953125 0.1109375 0.1453125
0 0.02109375 0.6671875 0.0421875 0.14375
0 0.028125 0.46875 0.05625 0.15
0 0.04140625 0.278125 0.0640625 0.15
0 0.05546875 0.08359375 0.065625 0.15625
0 0.01640625 0.8609375 0.0328125 0.153125
0 0.3484375 0.10234375 0.115625 0.15625
0 0.29375 0.88046875 0.115625 0.159375
0 0.32265625 0.496875 0.1109375 0.146875
0 0.3109375 0.68828125 0.1109375 0.1453125
0 0.340625 0.29453125 0.1140625 0.159375