0 0.68828125 0.48046875 0.153125 0.1109375
0 0.49609375 0.4890625 0.1546875 0.1078125
0 0.88359375 0.47578125 0.1546875 0.1078125
0 0.103125 0.503125 0.14375 0.1078125
0 0.30234375 0.49609375 0.14375 0.1078125
0 0.69609375 0.64453125 0.1546875 0.10625
0 0.8859375 0.63828125 0.14375 0.10625
0 0.10859375 0.665625 0.14375 0.10625
0 0.30546875 0.66015625 0.1578125 0.1109375
0 0.50234375 0.6546875 0.15625 0.109375
0 0.50859375 0.8125 0.1578125 0.109375
0 0.70234375 0.80625 0.1515625 0.1078125
0 0.3078125 0.825 0.14375 0.1046875
0 0.8921875 0.8046875 0.14375 0.1046875
0 0.11484375 0.83125 0.14375 0.1046875
0 0.31796875 0.9671875 0.1484375 0.065625
0 0.51015625 0.96328125 0.1484375 0.0703125
0 0.70390625 0.95625 0.1484375 0.0703125
0 0.9 0.94921875 0.146875 0.0703125
0 0.11875 0.9703125 0.146875 0.059375
0 0.67734375 0.14921875 0.1484375 0.1046875
0 0.87421875 0.14453125 0.1546875 0.1015625
0 0.28515625 0.1671875 0.14375 0.1078125
0 0.484375 0.16015625 0.14375 0.1078125
0 0.09375 0.17421875 0.14375 0.1078125
0 0.28203125 0.0328125 0.1421875 0.05625
0 0.48125 0.0265625 0.15 0.053125
0 0.671875 0.025 0.15 0.05
0 0.86796875 0.021875 0.1546875 0.04375
0 0.08828125 0.04140625 0.1515625 0.059375
0 0.8796875 0.3078125 0.153125 0.109375
0 0.1 0.33515625 0.15625 0.109375
0 0.484375 0.3234375 0.14375 0.10625
0 0.29296875 0.33125 0.14375 0.1078125
0 0.6875 0.31953125 0.15625 0.10625