0 0.19140625 0.08828125 0.278125 0.0703125
0 0.5 0.09140625 0.2765625 0.078125
0 0.80390625 0.09296875 0.2859375 0.08125
0 0.19375 0.18125 0.2828125 0.08125
0 0.49765625 0.18125 0.28125 0.08125
0 0.80390625 0.184375 0.296875 0.0890625
0 0.19375 0.271875 0.2828125 0.0796875
0 0.5 0.27578125 0.2859375 0.0796875
0 0.80390625 0.27421875 0.2859375 0.078125
0 0.19609375 0.359375 0.2859375 0.075
0 0.49765625 0.36328125 0.28125 0.075
0 0.80625 0.359375 0.290625 0.075
0 0.19375 0.45234375 0.2828125 0.078125
0 0.5 0.4546875 0.2859375 0.08125
0 0.80390625 0.4546875 0.2859375 0.075
0 0.19609375 0.5421875 0.2859375 0.075
0 0.5 0.5421875 0.2859375 0.075
0 0.80625 0.540625 0.290625 0.078125
0 0.19609375 0.63359375 0.2859375 0.075
0 0.49609375 0.63359375 0.278125 0.075
0 0.80625 0.63359375 0.290625 0.08125
0 0.19609375 0.72109375 0.2859375 0.08125
0 0.49765625 0.72265625 0.28125 0.078125
0 0.80625 0.72265625 0.290625 0.078125
0 0.20078125 0.815625 0.2859375 0.0890625
0 0.50234375 0.8140625 0.2828125 0.078125
0 0.80859375 0.8171875 0.296875 0.084375
0 0.1984375 0.90546875 0.2828125 0.0921875
0 0.50390625 0.90546875 0.278125 0.0921875
0 0.8109375 0.91015625 0.2921875 0.0890625