0 0.17734375 0.90078125 0.2796875 0.0796875
0 0.4859375 0.90859375 0.2796875 0.0859375
0 0.78984375 0.9171875 0.2890625 0.0890625
0 0.1828125 0.8078125 0.2859375 0.090625
0 0.48671875 0.81875 0.284375 0.090625
0 0.79296875 0.82578125 0.2984375 0.0984375
0 0.1859375 0.7171875 0.2859375 0.090625
0 0.4921875 0.72421875 0.290625 0.0890625
0 0.79609375 0.7359375 0.2890625 0.0859375
0 0.19140625 0.6296875 0.2890625 0.084375
0 0.49296875 0.63671875 0.284375 0.0828125
0 0.80078125 0.6515625 0.29375 0.084375
0 0.1921875 0.53671875 0.2859375 0.0859375
0 0.4984375 0.5453125 0.290625 0.090625
0 0.80234375 0.55625 0.2890625 0.084375
0 0.19765625 0.446875 0.2890625 0.084375
0 0.5015625 0.4578125 0.290625 0.084375
0 0.8078125 0.4703125 0.29375 0.0875
0 0.20078125 0.35625 0.2890625 0.0828125
0 0.50078125 0.36640625 0.28125 0.0828125
0 0.8109375 0.37734375 0.29375 0.0890625
0 0.20390625 0.26875 0.2890625 0.0890625
0 0.50546875 0.27734375 0.284375 0.0859375
0 0.8140625 0.28828125 0.29375 0.0859375
0 0.21171875 0.17421875 0.2890625 0.0984375
0 0.51328125 0.1859375 0.2859375 0.0875
0 0.81953125 0.19375 0.2984375 0.0953125
0 0.2125 0.084375 0.2875 0.1015625
0 0.51796875 0.09453125 0.28125 0.1015625
0 0.825 0.10078125 0.29375 0.0984375