0 0.2359375 0.05859375 0.284375 0.0984375
0 0.54296875 0.09375 0.2828125 0.10625
0 0.84453125 0.12734375 0.2921875 0.1109375
0 0.22890625 0.15078125 0.2890625 0.1109375
0 0.53125 0.1828125 0.2875 0.1109375
0 0.83515625 0.21796875 0.3046875 0.1203125
0 0.21953125 0.24140625 0.2890625 0.109375
0 0.5234375 0.27734375 0.2921875 0.109375
0 0.82578125 0.30703125 0.2921875 0.1078125
0 0.2125 0.328125 0.2921875 0.1046875
0 0.51171875 0.3640625 0.2875 0.1046875
0 0.81953125 0.3921875 0.296875 0.1046875
0 0.20078125 0.4203125 0.2890625 0.1078125
0 0.5046875 0.4546875 0.2921875 0.1109375
0 0.80703125 0.48671875 0.2921875 0.1046875
0 0.19296875 0.51015625 0.2921875 0.1046875
0 0.4953125 0.5421875 0.2921875 0.1046875
0 0.8 0.57265625 0.296875 0.1078125
0 0.18359375 0.60078125 0.2921875 0.1046875
0 0.48203125 0.6328125 0.284375 0.103125
0 0.790625 0.66484375 0.296875 0.1109375
0 0.175 0.68828125 0.2921875 0.1109375
0 0.47421875 0.72109375 0.2875 0.1078125
0 0.78125 0.753125 0.296875 0.1078125
0 0.16953125 0.7828125 0.29375 0.11875
0 0.46953125 0.8125 0.2890625 0.1078125
0 0.7734375 0.84765625 0.3046875 0.115625
0 0.1578125 0.871875 0.290625 0.121875
0 0.46171875 0.90390625 0.2859375 0.1203125
0 0.76640625 0.940625 0.3 0.11875