0 0.865625 0.13359375 0.26875 0.1328125
0 0.55078125 0.09609375 0.290625 0.140625
0 0.228125 0.06015625 0.2875 0.1203125
0 0.85078125 0.33828125 0.290625 0.1328125
0 0.52578125 0.296875 0.2859375 0.1390625
0 0.2015625 0.259375 0.2859375 0.134375
0 0.82265625 0.54296875 0.2890625 0.1359375
0 0.49921875 0.503125 0.2859375 0.1359375
0 0.17578125 0.46015625 0.2828125 0.1328125
0 0.7984375 0.74609375 0.290625 0.1296875
0 0.475 0.70625 0.2828125 0.1359375
0 0.15 0.66484375 0.2796875 0.1265625
0 0.771875 0.94296875 0.284375 0.1140625
0 0.44921875 0.909375 0.2796875 0.1296875
0 0.134375 0.86796875 0.26875 0.1328125