0 0.25546875 0.05625 0.2921875 0.1125
0 0.57578125 0.1 0.2953125 0.1609375
0 0.875 0.1609375 0.25 0.15
0 0.21640625 0.23828125 0.2953125 0.15
0 0.53828125 0.29921875 0.290625 0.1578125
0 0.85703125 0.3625 0.2859375 0.153125
0 0.1796875 0.440625 0.2921875 0.153125
0 0.5 0.503125 0.2890625 0.1515625
0 0.8203125 0.5625 0.2875 0.15
0 0.14375 0.64140625 0.2875 0.1484375
0 0.46015625 0.70390625 0.2875 0.1515625
0 0.78203125 0.76484375 0.2828125 0.14375
0 0.12265625 0.84375 0.2453125 0.14375
0 0.421875 0.9046875 0.284375 0.146875
0 0.74140625 0.9453125 0.2890625 0.109375