0 0.17265625 0.09140625 0.278125 0.1
0 0.4984375 0.09296875 0.2796875 0.109375
0 0.8234375 0.0921875 0.2765625 0.0984375
0 0.171875 0.296875 0.28125 0.0984375
0 0.49921875 0.2953125 0.275 0.1078125
0 0.82578125 0.29765625 0.275 0.103125
0 0.17421875 0.503125 0.278125 0.1015625
0 0.50078125 0.503125 0.275 0.1015625
0 0.8265625 0.5 0.2734375 0.1
0 0.1734375 0.7078125 0.28125 0.096875
0 0.5 0.7078125 0.2734375 0.1015625
0 0.82734375 0.70625 0.2703125 0.09375
0 0.17421875 0.91328125 0.275 0.09375
0 0.50078125 0.9125 0.2703125 0.096875
0 0.82578125 0.9109375 0.275 0.1