0 0.94375 0.74296875 0.1125 0.2921875
0 0.9 0.42421875 0.159375 0.2953125
0 0.8375 0.125 0.15 0.25
0 0.76171875 0.78359375 0.1515625 0.2953125
0 0.70078125 0.46171875 0.15625 0.290625
0 0.63671875 0.14296875 0.1515625 0.2859375
0 0.559375 0.8203125 0.1546875 0.2921875
0 0.496875 0.5 0.153125 0.2890625
0 0.4375 0.1796875 0.15 0.2859375
0 0.35859375 0.85625 0.1484375 0.2875
0 0.29609375 0.53984375 0.153125 0.2859375
0 0.23515625 0.21796875 0.14375 0.2828125
0 0.15625 0.87734375 0.14375 0.2453125
0 0.0953125 0.578125 0.146875 0.284375
0 0.0546875 0.25859375 0.109375 0.2890625