0 0.05625 0.74296875 0.1125 0.2921875
0 0.1 0.42421875 0.159375 0.2953125
0 0.1609375 0.125 0.15 0.25
0 0.23828125 0.78359375 0.1515625 0.2953125
0 0.29921875 0.46171875 0.15625 0.290625
0 0.36328125 0.14296875 0.1515625 0.2859375
0 0.440625 0.8203125 0.1546875 0.2921875
0 0.503125 0.5 0.153125 0.2890625
0 0.5625 0.1796875 0.15 0.2859375
0 0.64140625 0.85625 0.1484375 0.2875
0 0.70390625 0.53984375 0.153125 0.2859375
0 0.76484375 0.21796875 0.14375 0.2828125
0 0.84375 0.87734375 0.14375 0.2453125
0 0.9046875 0.578125 0.146875 0.284375
0 0.9453125 0.25859375 0.109375 0.2890625