0 0.4140625 0.4703125 0.065625 0.15625
0 0.4171875 0.18828125 0.0625 0.153125
0 0.40625 0.7578125 0.065625 0.1609375
0 0.32109375 0.75625 0.0625 0.159375
0 0.33046875 0.190625 0.0703125 0.15
0 0.32578125 0.47109375 0.0625 0.16875
0 0.2390625 0.46640625 0.05625 0.1625
0 0.2328125 0.7546875 0.059375 0.1609375
0 0.24140625 0.1890625 0.0640625 0.1546875
0 0.15703125 0.18359375 0.05625 0.1515625
0 0.853125 0.478125 0.05625 0.1515625
0 0.85546875 0.196875 0.0515625 0.1578125
0 0.84375 0.76328125 0.0609375 0.1578125
0 0.7703125 0.1984375 0.0625 0.1640625
0 0.75859375 0.7609375 0.0625 0.153125
0 0.76328125 0.484375 0.0546875 0.1640625
0 0.68125 0.19296875 0.0578125 0.1578125
0 0.675 0.48046875 0.0625 0.1578125
0 0.66796875 0.76015625 0.0609375 0.1546875
0 0.58515625 0.7609375 0.05625 0.1578125
0 0.58828125 0.48046875 0.05625 0.1625
0 0.59296875 0.1921875 0.0640625 0.153125
0 0.50234375 0.47578125 0.0578125 0.1640625
0 0.5046875 0.190625 0.059375 0.153125
0 0.49375 0.75703125 0.06875 0.1546875