0 0.471875 0.58671875 0.15625 0.0625
0 0.18984375 0.58828125 0.1515625 0.059375
0 0.759375 0.5890625 0.159375 0.0625
0 0.759375 0.67421875 0.1578125 0.059375
0 0.19375 0.675 0.146875 0.0671875
0 0.47421875 0.675 0.1671875 0.059375
0 0.47109375 0.76171875 0.1609375 0.0515625
0 0.759375 0.7625 0.159375 0.05625
0 0.19375 0.7640625 0.153125 0.059375
0 0.18984375 0.8484375 0.15 0.053125
0 0.471875 0.14765625 0.15 0.0515625
0 0.190625 0.15 0.15625 0.05
0 0.75703125 0.1515625 0.15625 0.059375
0 0.19375 0.23515625 0.1625 0.059375
0 0.75625 0.23671875 0.1515625 0.059375
0 0.4796875 0.23671875 0.1625 0.0515625
0 0.18984375 0.32421875 0.15625 0.0546875
0 0.47734375 0.325 0.15625 0.059375
0 0.75703125 0.32734375 0.153125 0.0578125
0 0.759375 0.41015625 0.15625 0.0515625
0 0.47890625 0.41171875 0.1609375 0.0515625
0 0.190625 0.4125 0.1515625 0.0625
0 0.47578125 0.4984375 0.1625 0.053125
0 0.190625 0.50078125 0.1515625 0.05625
0 0.75703125 0.5015625 0.153125 0.065625