0 0.48125 0.5890625 0.1609375 0.078125
0 0.20078125 0.6203125 0.15625 0.075
0 0.7671875 0.56171875 0.165625 0.078125
0 0.77578125 0.64609375 0.1625 0.075
0 0.2140625 0.70625 0.1546875 0.0828125
0 0.49296875 0.6765625 0.171875 0.0765625
0 0.4984375 0.76328125 0.165625 0.0703125
0 0.78515625 0.73359375 0.1640625 0.071875
0 0.22265625 0.79453125 0.159375 0.0765625
0 0.228125 0.87890625 0.1546875 0.06875
0 0.43515625 0.15234375 0.1546875 0.06875
0 0.15546875 0.184375 0.1609375 0.0640625
0 0.71953125 0.1265625 0.1609375 0.0734375
0 0.16796875 0.26875 0.1671875 0.0765625
0 0.72734375 0.21171875 0.15625 0.075
0 0.45234375 0.240625 0.1671875 0.06875
0 0.1734375 0.3578125 0.1609375 0.0703125
0 0.459375 0.328125 0.1609375 0.075
0 0.7375 0.3015625 0.1578125 0.0734375
0 0.7484375 0.38359375 0.1609375 0.06875
0 0.46953125 0.4140625 0.165625 0.0703125
0 0.1828125 0.4453125 0.1578125 0.0765625
0 0.47578125 0.50078125 0.1671875 0.071875
0 0.1921875 0.5328125 0.15625 0.071875
0 0.75546875 0.475 0.159375 0.08125