0 0.75078125 0.1015625 0.190625 0.084375
0 0.4390625 0.1515625 0.190625 0.0796875
0 0.12578125 0.19921875 0.190625 0.0796875
0 0.775 0.26328125 0.1953125 0.0796875
0 0.4671875 0.3140625 0.196875 0.0828125
0 0.15 0.36328125 0.1953125 0.08125
0 0.803125 0.4234375 0.190625 0.08125
0 0.49140625 0.47265625 0.1953125 0.0828125
0 0.1765625 0.52265625 0.190625 0.08125
0 0.828125 0.58203125 0.1921875 0.0796875
0 0.515625 0.6328125 0.190625 0.0828125
0 0.20078125 0.67890625 0.1890625 0.075
0 0.85234375 0.74296875 0.19375 0.0875
0 0.54140625 0.79296875 0.1921875 0.084375
0 0.225 0.84453125 0.190625 0.08125