0 0.5703125 0.4734375 0.259375 0.134375
0 0.16640625 0.43359375 0.2 0.1359375
0 0.81796875 0.51484375 0.2359375 0.159375
0 0.3515625 0.4734375 0.18125 0.1765625
0 0.3296875 0.640625 0.1765625 0.0765625
0 0.7328125 0.7 0.409375 0.134375
0 0.1421875 0.64921875 0.2015625 0.1296875
0 0.46953125 0.70234375 0.0984375 0.15625
0 0.1609375 0.803125 0.2578125 0.09375
0 0.6546875 0.86484375 0.1796875 0.103125
0 0.41640625 0.8578125 0.209375 0.1359375
0 0.82890625 0.909375 0.1390625 0.140625
0 0.2890625 0.2421875 0.1625 0.1421875
0 0.140625 0.228125 0.1125 0.1328125
0 0.659375 0.290625 0.1578125 0.15625
0 0.4765625 0.27265625 0.21875 0.19375
0 0.853125 0.31796875 0.2453125 0.1734375