0 0.56796875 0.46796875 0.2515625 0.1125
0 0.16171875 0.4625 0.1921875 0.11875
0 0.81796875 0.48671875 0.2265625 0.140625
0 0.34921875 0.48671875 0.1703125 0.1625
0 0.34296875 0.65546875 0.1734375 0.0625
0 0.74921875 0.67890625 0.403125 0.0984375
0 0.15625 0.6796875 0.1921875 0.1125
0 0.48671875 0.7046875 0.0875 0.1484375
0 0.1890625 0.83125 0.253125 0.071875
0 0.6859375 0.85 0.1734375 0.0875
0 0.44765625 0.8640625 0.2 0.1171875
0 0.86328125 0.87890625 0.128125 0.1296875
0 0.2671875 0.26171875 0.1515625 0.1296875
0 0.11796875 0.26015625 0.1015625 0.125
0 0.640625 0.27734375 0.1453125 0.14375
0 0.45703125 0.27578125 0.203125 0.175
0 0.8359375 0.2875 0.2328125 0.1546875