0 0.42890625 0.47578125 0.2625 0.1421875
0 0.83125 0.421875 0.2046875 0.140625
0 0.1828125 0.52578125 0.240625 0.1671875
0 0.64765625 0.46796875 0.1875 0.18125
0 0.675 0.634375 0.178125 0.0828125
0 0.27421875 0.7078125 0.4109375 0.146875
0 0.86328125 0.63671875 0.2046875 0.134375
0 0.5375 0.7015625 0.1046875 0.1578125
0 0.84921875 0.790625 0.2578125 0.1015625
0 0.3578125 0.8703125 0.18125 0.1078125
0 0.59609375 0.8546875 0.2125 0.140625
0 0.1859375 0.9203125 0.14375 0.14375
0 0.7015625 0.23515625 0.165625 0.146875
0 0.85 0.215625 0.115625 0.1359375
0 0.33359375 0.29609375 0.1609375 0.159375
0 0.515625 0.271875 0.221875 0.1984375
0 0.140625 0.33046875 0.2484375 0.18125