0 0.43359375 0.534375 0.2515625 0.1125
0 0.83984375 0.525 0.1921875 0.11875
0 0.18203125 0.52421875 0.2265625 0.140625
0 0.65078125 0.50859375 0.1703125 0.1625
0 0.6515625 0.33984375 0.1734375 0.0625
0 0.24453125 0.33046875 0.403125 0.0984375
0 0.8375 0.3078125 0.1921875 0.1125
0 0.50546875 0.2953125 0.0875 0.1484375
0 0.79921875 0.1578125 0.253125 0.071875
0 0.3015625 0.15625 0.1734375 0.0875
0 0.53984375 0.134375 0.2 0.1171875
0 0.12421875 0.13359375 0.128125 0.1296875
0 0.740625 0.73046875 0.1515625 0.1296875
0 0.88984375 0.72578125 0.1015625 0.125
0 0.3671875 0.72734375 0.1453125 0.14375
0 0.55078125 0.72265625 0.203125 0.175
0 0.171875 0.7234375 0.2328125 0.1546875