0 0.57265625 0.51875 0.2671875 0.159375
0 0.175 0.60078125 0.209375 0.1546875
0 0.81484375 0.45234375 0.246875 0.18125
0 0.3546875 0.5421875 0.1953125 0.190625
0 0.315625 0.378125 0.1796875 0.09375
0 0.7109375 0.27734375 0.4125 0.1734375
0 0.128125 0.3890625 0.209375 0.1484375
0 0.4484375 0.3015625 0.1125 0.1625
0 0.13125 0.234375 0.259375 0.11875
0 0.615625 0.12109375 0.1859375 0.1203125
0 0.37890625 0.15234375 0.21875 0.1546875
0 0.7828125 0.0671875 0.15 0.134375
0 0.3171875 0.778125 0.1734375 0.1546875
0 0.17109375 0.8078125 0.1234375 0.1421875
0 0.68046875 0.69140625 0.1703125 0.16875
0 0.50078125 0.728125 0.2328125 0.2109375
0 0.8703125 0.64453125 0.2578125 0.1953125