0 0.16875 0.23984375 0.18125 0.11875
0 0.23515625 0.4765625 0.375 0.1890625
0 0.18828125 0.65625 0.2640625 0.1140625
0 0.1296875 0.81796875 0.2390625 0.0921875
0 0.42578125 0.2984375 0.2859375 0.1859375
0 0.7046875 0.12734375 0.24375 0.1453125
0 0.91484375 0.1578125 0.1640625 0.14375
0 0.790625 0.315625 0.3640625 0.1421875
0 0.6 0.4703125 0.2515625 0.09375
0 0.61953125 0.6390625 0.2078125 0.1796875
0 0.43359375 0.67734375 0.1171875 0.13125
0 0.4890625 0.8625 0.30625 0.1484375
0 0.82421875 0.709375 0.1921875 0.128125
0 0.79375 0.8875 0.14375 0.128125
0 0.875 0.5171875 0.15625 0.1578125