0 0.34140625 0.11015625 0.1234375 0.184375
0 0.55078125 0.2390625 0.2015625 0.378125
0 0.7359375 0.24296875 0.121875 0.265625
0 0.9078125 0.23125 0.1 0.240625
0 0.32734375 0.37265625 0.1953125 0.2890625
0 0.0859375 0.59453125 0.153125 0.246875
0 0.065625 0.80390625 0.13125 0.1671875
0 0.2421875 0.728125 0.1546875 0.365625
0 0.44453125 0.5875 0.1015625 0.2515625
0 0.60078125 0.65390625 0.1859375 0.2125
0 0.6890625 0.48515625 0.134375 0.1203125
0 0.8515625 0.58984375 0.159375 0.309375
0 0.61171875 0.86953125 0.1328125 0.1953125
0 0.79140625 0.8890625 0.13125 0.146875
0 0.41328125 0.86484375 0.1625 0.1609375