0 0.8578125 0.88828125 0.2328125 0.065625
0 0.54296875 0.91640625 0.209375 0.0703125
0 0.2265625 0.94375 0.2 0.065625
0 0.85234375 0.8 0.234375 0.0703125
0 0.53828125 0.82578125 0.209375 0.0703125
0 0.21953125 0.85390625 0.209375 0.0828125
0 0.84375 0.7078125 0.215625 0.0703125
0 0.83046875 0.61953125 0.228125 0.0703125
0 0.82265625 0.5234375 0.228125 0.06875
0 0.80625 0.43359375 0.2375 0.071875
0 0.81015625 0.34453125 0.209375 0.0734375
0 0.80234375 0.2546875 0.209375 0.071875
0 0.790625 0.16328125 0.2234375 0.075
0 0.79296875 0.07265625 0.2109375 0.0703125
0 0.525 0.73515625 0.21875 0.0671875
0 0.52265625 0.64453125 0.209375 0.075
0 0.5109375 0.5546875 0.209375 0.065625
0 0.50859375 0.46171875 0.20625 0.0734375
0 0.4984375 0.37109375 0.196875 0.071875
0 0.49140625 0.2828125 0.2046875 0.0671875
0 0.4796875 0.190625 0.2109375 0.06875
0 0.47421875 0.10078125 0.209375 0.0703125
0 0.20703125 0.765625 0.2046875 0.0703125
0 0.2078125 0.66953125 0.2078125 0.0796875
0 0.19765625 0.58203125 0.203125 0.078125
0 0.184375 0.4921875 0.209375 0.065625
0 0.18125 0.3984375 0.2359375 0.071875
0 0.171875 0.31171875 0.203125 0.075
0 0.159375 0.21953125 0.2328125 0.0703125
0 0.1578125 0.128125 0.2203125 0.065625