0 0.17734375 0.08203125 0.2296875 0.0453125
0 0.49375 0.08125 0.20625 0.053125
0 0.8109375 0.08203125 0.196875 0.0484375
0 0.175 0.1703125 0.23125 0.05
0 0.490625 0.171875 0.20625 0.053125
0 0.81015625 0.171875 0.2046875 0.065625
0 0.17578125 0.26328125 0.2125 0.0515625
0 0.18125 0.35234375 0.225 0.0515625
0 0.18046875 0.4484375 0.225 0.05
0 0.1890625 0.53984375 0.234375 0.0515625
0 0.17734375 0.628125 0.2046875 0.05625
0 0.17734375 0.71796875 0.2046875 0.0546875
0 0.18125 0.81015625 0.21875 0.05625
0 0.17109375 0.9 0.2078125 0.053125
0 0.4953125 0.26328125 0.215625 0.0484375
0 0.48984375 0.35390625 0.2046875 0.0578125
0 0.49375 0.44453125 0.20625 0.0484375
0 0.48828125 0.5375 0.2015625 0.05625
0 0.490625 0.62890625 0.1921875 0.0546875
0 0.48984375 0.7171875 0.2015625 0.05
0 0.49296875 0.81015625 0.2078125 0.0515625
0 0.490625 0.9 0.20625 0.053125
0 0.81484375 0.2609375 0.2015625 0.053125
0 0.80625 0.35625 0.203125 0.0625
0 0.80859375 0.44453125 0.1984375 0.0609375
0 0.8140625 0.53515625 0.20625 0.0484375
0 0.80859375 0.62890625 0.2328125 0.0515625
0 0.81015625 0.71640625 0.1984375 0.0578125
0 0.81484375 0.809375 0.2296875 0.05
0 0.80859375 0.9 0.2171875 0.046875