0 0.0765625 0.184375 0.05 0.23125
0 0.08125 0.50078125 0.0578125 0.209375
0 0.0875 0.81796875 0.0515625 0.2
0 0.16484375 0.18046875 0.053125 0.2328125
0 0.171875 0.49609375 0.0578125 0.209375
0 0.17734375 0.815625 0.06875 0.2078125
0 0.2578125 0.1796875 0.05625 0.2140625
0 0.346875 0.18359375 0.05625 0.225
0 0.44296875 0.18125 0.05625 0.2265625
0 0.534375 0.18828125 0.05625 0.2359375
0 0.62265625 0.175 0.059375 0.20625
0 0.7125 0.1734375 0.0578125 0.20625
0 0.8046875 0.17578125 0.059375 0.21875
0 0.89453125 0.1640625 0.0578125 0.209375
0 0.26328125 0.49921875 0.0515625 0.215625
0 0.35390625 0.4921875 0.0609375 0.2046875
0 0.44453125 0.49453125 0.053125 0.209375
0 0.5375 0.4875 0.059375 0.2046875
0 0.62890625 0.48828125 0.0578125 0.19375
0 0.7171875 0.4859375 0.053125 0.203125
0 0.81015625 0.4875 0.0546875 0.2109375
0 0.9 0.48359375 0.0578125 0.209375
0 0.26640625 0.81875 0.0578125 0.203125
0 0.36171875 0.80859375 0.0671875 0.2046875
0 0.45 0.809375 0.0640625 0.2
0 0.540625 0.81328125 0.053125 0.209375
0 0.634375 0.80625 0.05625 0.2359375
0 0.721875 0.80625 0.0609375 0.2015625
0 0.81484375 0.809375 0.05625 0.2328125
0 0.90546875 0.8015625 0.05 0.21875