0 0.1421875 0.88828125 0.2328125 0.065625
0 0.45703125 0.91640625 0.209375 0.0703125
0 0.7734375 0.94375 0.2 0.065625
0 0.14765625 0.8 0.234375 0.0703125
0 0.46171875 0.82578125 0.209375 0.0703125
0 0.78046875 0.85390625 0.209375 0.0828125
0 0.15625 0.7078125 0.215625 0.0703125
0 0.16953125 0.61953125 0.228125 0.0703125
0 0.17734375 0.5234375 0.228125 0.06875
0 0.19375 0.43359375 0.2375 0.071875
0 0.18984375 0.34453125 0.209375 0.0734375
0 0.19765625 0.2546875 0.209375 0.071875
0 0.209375 0.16328125 0.2234375 0.075
0 0.20703125 0.07265625 0.2109375 0.0703125
0 0.475 0.73515625 0.21875 0.0671875
0 0.47734375 0.64453125 0.209375 0.075
0 0.4890625 0.5546875 0.209375 0.065625
0 0.49140625 0.46171875 0.20625 0.0734375
0 0.5015625 0.37109375 0.196875 0.071875
0 0.50859375 0.2828125 0.2046875 0.0671875
0 0.5203125 0.190625 0.2109375 0.06875
0 0.52578125 0.10078125 0.209375 0.0703125
0 0.79296875 0.765625 0.2046875 0.0703125
0 0.7921875 0.66953125 0.2078125 0.0796875
0 0.80234375 0.58203125 0.203125 0.078125
0 0.815625 0.4921875 0.209375 0.065625
0 0.81875 0.3984375 0.2359375 0.071875
0 0.828125 0.31171875 0.203125 0.075
0 0.840625 0.21953125 0.2328125 0.0703125
0 0.8421875 0.128125 0.2203125 0.065625