0 0.728125 0.96484375 0.234375 0.0703125
0 0.41875 0.9109375 0.2125 0.0953125
0 0.10859375 0.84453125 0.203125 0.0890625
0 0.74921875 0.88984375 0.2359375 0.096875
0 0.440625 0.82265625 0.2125 0.0953125
0 0.128125 0.75625 0.2140625 0.10625
0 0.76796875 0.79921875 0.21875 0.0953125
0 0.78125 0.7109375 0.23125 0.096875
0 0.8015625 0.6171875 0.23125 0.0953125
0 0.8125 0.52578125 0.240625 0.0984375
0 0.8421875 0.44140625 0.2125 0.096875
0 0.8609375 0.35390625 0.2109375 0.0953125
0 0.8765625 0.26328125 0.225 0.1
0 0.8984375 0.17734375 0.203125 0.0953125
0 0.45546875 0.7328125 0.2203125 0.0921875
0 0.4796875 0.6453125 0.2125 0.0984375
0 0.49453125 0.55546875 0.2125 0.090625
0 0.51953125 0.465625 0.209375 0.096875
0 0.5359375 0.37578125 0.2 0.09375
0 0.55546875 0.28984375 0.2078125 0.090625
0 0.57109375 0.1984375 0.2140625 0.09375
0 0.5921875 0.1109375 0.2125 0.0953125
0 0.1421875 0.66875 0.2078125 0.09375
0 0.1703125 0.5765625 0.2109375 0.103125
0 0.18671875 0.48984375 0.20625 0.1015625
0 0.2 0.4 0.2125 0.090625
0 0.225 0.309375 0.2390625 0.0984375
0 0.24140625 0.22421875 0.20625 0.0984375
0 0.25625 0.13203125 0.234375 0.096875
0 0.28125 0.04453125 0.221875 0.0890625