0 0.125 0.51484375 0.221875 0.840625
0 0.31015625 0.37734375 0.2890625 0.7546875
0 0.434375 0.49296875 0.2203125 0.9578125
0 0.24296875 0.83203125 0.2015625 0.1890625
0 0.52890625 0.33515625 0.140625 0.6265625
0 0.465625 0.82421875 0.1046875 0.340625
0 0.6265625 0.296875 0.2015625 0.5484375
0 0.55390625 0.78359375 0.1484375 0.4328125
0 0.7328125 0.52578125 0.284375 0.9484375
0 0.8828125 0.39609375 0.18125 0.6609375
0 0.78359375 0.8515625 0.0921875 0.296875
0 0.82421875 0.8546875 0.0890625 0.290625
0 0.95078125 0.375 0.0984375 0.5375
0 0.9125 0.828125 0.13125 0.34375