0 0.0796875 0.18984375 0.103125 0.0421875
0 0.08359375 0.23828125 0.1421875 0.0421875
0 0.07734375 0.2875 0.1390625 0.04375
0 0.07890625 0.33671875 0.1296875 0.0453125
0 0.07890625 0.3890625 0.1390625 0.04375
0 0.08046875 0.43984375 0.1359375 0.0453125
0 0.08046875 0.4890625 0.1328125 0.046875
0 0.08203125 0.53828125 0.1421875 0.0453125
0 0.07890625 0.58984375 0.13125 0.0375
0 0.08203125 0.640625 0.1421875 0.053125
0 0.08046875 0.69140625 0.1421875 0.0390625
0 0.078125 0.73828125 0.140625 0.0421875
0 0.08046875 0.79140625 0.1421875 0.0375
0 0.078125 0.84140625 0.1375 0.0421875
0 0.0765625 0.89140625 0.14375 0.0453125
0 0.1421875 0.95390625 0.140625 0.0453125
0 0.50546875 0.18828125 0.1359375 0.0484375
0 0.50703125 0.2375 0.1484375 0.05
0 0.50546875 0.28984375 0.1359375 0.0453125
0 0.50546875 0.3375 0.1359375 0.04375
0 0.50546875 0.3875 0.1421875 0.04375
0 0.50703125 0.43984375 0.1390625 0.0390625
0 0.5109375 0.490625 0.146875 0.046875
0 0.503125 0.54140625 0.14375 0.0453125
0 0.50390625 0.590625 0.1578125 0.040625
0 0.50546875 0.63828125 0.1390625 0.0484375
0 0.50234375 0.6921875 0.1359375 0.04375
0 0.50703125 0.7390625 0.1390625 0.05
0 0.50390625 0.79140625 0.1484375 0.0484375
0 0.50703125 0.84140625 0.1515625 0.0484375
0 0.50234375 0.89140625 0.1359375 0.0484375