0 0.175 0.909375 0.0453125 0.1046875
0 0.22421875 0.90703125 0.046875 0.14375
0 0.27265625 0.91484375 0.0484375 0.140625
0 0.321875 0.91484375 0.05 0.13125
0 0.37421875 0.9171875 0.0484375 0.140625
0 0.425 0.9171875 0.05 0.1375
0 0.47421875 0.91875 0.0515625 0.134375
0 0.5234375 0.91875 0.05 0.14375
0 0.575 0.92421875 0.0421875 0.1328125
0 0.62578125 0.92265625 0.0578125 0.14375
0 0.6765625 0.92578125 0.04375 0.14375
0 0.7234375 0.92890625 0.046875 0.1421875
0 0.77578125 0.92890625 0.0421875 0.1421875
0 0.8265625 0.93203125 0.046875 0.1359375
0 0.8765625 0.93203125 0.05 0.1359375
0 0.94140625 0.8734375 0.05 0.1421875
0 0.18828125 0.48359375 0.053125 0.1375
0 0.23828125 0.48359375 0.0546875 0.15
0 0.28984375 0.4875 0.05 0.1375
0 0.3375 0.4890625 0.0484375 0.1375
0 0.3875 0.490625 0.0484375 0.14375
0 0.43984375 0.490625 0.04375 0.140625
0 0.490625 0.4890625 0.0515625 0.1484375
0 0.54140625 0.4984375 0.05 0.1453125
0 0.590625 0.49921875 0.046875 0.159375
0 0.63828125 0.49921875 0.053125 0.140625
0 0.6921875 0.5046875 0.0484375 0.1375
0 0.7390625 0.5015625 0.0546875 0.140625
0 0.79140625 0.50625 0.053125 0.15
0 0.84140625 0.5046875 0.053125 0.153125
0 0.89140625 0.5109375 0.053125 0.1375