0 0.115625 0.146875 0.0625 0.109375
0 0.16328125 0.14140625 0.0703125 0.1484375
0 0.2109375 0.12578125 0.06875 0.1453125
0 0.259375 0.11796875 0.06875 0.1359375
0 0.3109375 0.1078125 0.0703125 0.1453125
0 0.3609375 0.1 0.071875 0.1421875
0 0.409375 0.090625 0.071875 0.140625
0 0.4578125 0.08203125 0.0703125 0.1484375
0 0.5078125 0.06953125 0.0625 0.1359375
0 0.55859375 0.06875 0.0796875 0.1375
0 0.60703125 0.0625 0.0671875 0.125
0 0.65234375 0.05703125 0.0703125 0.1140625
0 0.70546875 0.053125 0.0640625 0.10625
0 0.7546875 0.04609375 0.06875 0.0921875
0 0.803125 0.0421875 0.071875 0.084375
0 0.87734375 0.06796875 0.0734375 0.1359375
0 0.1953125 0.56484375 0.0734375 0.1421875
0 0.24375 0.55703125 0.0796875 0.15625
0 0.29453125 0.5453125 0.071875 0.14375
0 0.34140625 0.53671875 0.0703125 0.14375
0 0.390625 0.5265625 0.071875 0.1484375
0 0.4421875 0.51875 0.0671875 0.1453125
0 0.49296875 0.5125 0.0734375 0.153125
0 0.54140625 0.4953125 0.0703125 0.1515625
0 0.58984375 0.48671875 0.071875 0.1625
0 0.63671875 0.47890625 0.075 0.1453125
0 0.6890625 0.465625 0.06875 0.14375
0 0.7359375 0.4609375 0.075 0.1453125
0 0.78671875 0.4484375 0.0765625 0.1546875
0 0.83671875 0.44140625 0.0765625 0.1578125
0 0.884375 0.42734375 0.075 0.14375