0 0.3109375 0.48984375 0.1515625 0.1078125
0 0.50390625 0.4890625 0.153125 0.10625
0 0.115625 0.49609375 0.153125 0.10625
0 0.896875 0.48203125 0.1421875 0.10625
0 0.69765625 0.4859375 0.140625 0.10625
0 0.31171875 0.6546875 0.153125 0.10625
0 0.12109375 0.6578125 0.1421875 0.10625
0 0.89921875 0.64453125 0.1421875 0.10625
0 0.70234375 0.65 0.15625 0.109375
0 0.50546875 0.6546875 0.1546875 0.10625
0 0.5078125 0.8125 0.15625 0.10625
0 0.3140625 0.81640625 0.15 0.1046875
0 0.70859375 0.8140625 0.1421875 0.103125
0 0.12421875 0.82421875 0.1421875 0.103125
0 0.90234375 0.8109375 0.1421875 0.103125
0 0.70625 0.959375 0.1484375 0.06875
0 0.5140625 0.96328125 0.1484375 0.06875
0 0.31953125 0.965625 0.1484375 0.06875
0 0.12265625 0.9671875 0.1453125 0.065625
0 0.9046875 0.95625 0.1484375 0.06875
0 0.30390625 0.15859375 0.146875 0.103125
0 0.10703125 0.16484375 0.153125 0.1
0 0.696875 0.15703125 0.1421875 0.1046875
0 0.49765625 0.16015625 0.140625 0.1046875
0 0.88828125 0.153125 0.140625 0.1046875
0 0.69296875 0.025 0.1421875 0.05
0 0.49296875 0.0265625 0.1484375 0.053125
0 0.30234375 0.03046875 0.1484375 0.0578125
0 0.1078125 0.034375 0.1546875 0.0578125
0 0.88671875 0.02421875 0.1515625 0.0484375
0 0.1109375 0.328125 0.1515625 0.1078125
0 0.890625 0.3140625 0.1546875 0.1078125
0 0.50625 0.32265625 0.1421875 0.1046875
0 0.69765625 0.32109375 0.140625 0.1046875
0 0.303125 0.3296875 0.1546875 0.10625