0 0.07265625 0.78671875 0.084375 0.28125
0 0.0921875 0.47890625 0.090625 0.2796875
0 0.109375 0.175 0.0953125 0.2890625
0 0.165625 0.7890625 0.0953125 0.2859375
0 0.18125 0.4859375 0.0953125 0.284375
0 0.20078125 0.1796875 0.103125 0.3
0 0.25625 0.79375 0.0953125 0.2859375
0 0.27578125 0.48828125 0.0953125 0.290625
0 0.290625 0.184375 0.0921875 0.2890625
0 0.34375 0.79609375 0.090625 0.2890625
0 0.36328125 0.4953125 0.0875 0.284375
0 0.37578125 0.18671875 0.090625 0.29375
0 0.43671875 0.803125 0.090625 0.2859375
0 0.4546875 0.49765625 0.096875 0.290625
0 0.4703125 0.19375 0.090625 0.2890625
0 0.5265625 0.80546875 0.090625 0.2890625
0 0.5421875 0.50234375 0.090625 0.290625
0 0.55625 0.19609375 0.09375 0.29375
0 0.6171875 0.81015625 0.0890625 0.2890625
0 0.63359375 0.5109375 0.0875 0.28125
0 0.64921875 0.20078125 0.0953125 0.29375
0 0.7046875 0.81484375 0.0953125 0.2890625
0 0.721875 0.5140625 0.090625 0.284375
0 0.73828125 0.20546875 0.0921875 0.29375
0 0.79921875 0.815625 0.103125 0.290625
0 0.8140625 0.5140625 0.0921875 0.2859375
0 0.8328125 0.20859375 0.1 0.3
0 0.8890625 0.82265625 0.10625 0.2890625
0 0.90546875 0.5171875 0.10625 0.2828125
0 0.92578125 0.2109375 0.1046875 0.2953125