0 0.13046875 0.8453125 0.2609375 0.121875
0 0.421875 0.90078125 0.2859375 0.1296875
0 0.7203125 0.9453125 0.296875 0.109375
0 0.1421875 0.7546875 0.284375 0.134375
0 0.43671875 0.8125 0.2921875 0.1328125
0 0.73828125 0.86796875 0.3078125 0.14375
0 0.15546875 0.665625 0.2921875 0.1328125
0 0.45703125 0.7203125 0.2953125 0.1328125
0 0.75546875 0.7796875 0.2953125 0.13125
0 0.175 0.5796875 0.2953125 0.128125
0 0.471875 0.63359375 0.290625 0.1265625
0 0.7734375 0.69609375 0.3 0.1296875
0 0.190625 0.48828125 0.2921875 0.13125
0 0.49140625 0.54453125 0.296875 0.134375
0 0.78984375 0.60234375 0.2953125 0.128125
0 0.209375 0.40078125 0.2953125 0.128125
0 0.5078125 0.45859375 0.2953125 0.128125
0 0.80859375 0.51875 0.3 0.1328125
0 0.22734375 0.3109375 0.2953125 0.128125
0 0.521875 0.36796875 0.2875 0.1265625
0 0.82578125 0.42734375 0.3015625 0.1359375
0 0.24375 0.225 0.296875 0.134375
0 0.53984375 0.28125 0.290625 0.1296875
0 0.84296875 0.33984375 0.3 0.1328125
0 0.26640625 0.1328125 0.2984375 0.1421875
0 0.5625 0.1921875 0.2921875 0.13125
0 0.8546875 0.24765625 0.290625 0.1390625
0 0.28046875 0.0578125 0.2953125 0.115625
0 0.58125 0.10234375 0.290625 0.14375
0 0.865625 0.15625 0.26875 0.14375