0 0.84140625 0.103125 0.28125 0.109375
0 0.515625 0.09296875 0.2828125 0.11875
0 0.190625 0.08125 0.2796875 0.1078125
0 0.83515625 0.30859375 0.284375 0.1078125
0 0.5078125 0.2953125 0.278125 0.1171875
0 0.18125 0.28671875 0.278125 0.1125
0 0.82578125 0.51484375 0.28125 0.1109375
0 0.49921875 0.503125 0.278125 0.1109375
0 0.1734375 0.48828125 0.2765625 0.109375
0 0.81875 0.71875 0.284375 0.10625
0 0.49296875 0.7078125 0.2765625 0.1109375
0 0.165625 0.69453125 0.2734375 0.103125
0 0.8109375 0.92421875 0.278125 0.103125
0 0.48515625 0.9125 0.2734375 0.10625
0 0.16015625 0.89921875 0.278125 0.109375