0 0.096875 0.834375 0.1046875 0.2796875
0 0.09296875 0.50859375 0.1125 0.28125
0 0.08671875 0.18359375 0.103125 0.2796875
0 0.30234375 0.83125 0.1046875 0.2828125
0 0.2953125 0.5046875 0.1109375 0.2765625
0 0.2921875 0.178125 0.10625 0.2765625
0 0.50859375 0.82578125 0.1078125 0.2796875
0 0.503125 0.49921875 0.1078125 0.2765625
0 0.49453125 0.1734375 0.1046875 0.2734375
0 0.71328125 0.82265625 0.1015625 0.2828125
0 0.7078125 0.49609375 0.1078125 0.2734375
0 0.70078125 0.16875 0.0984375 0.271875
0 0.91875 0.81875 0.0984375 0.2765625
0 0.9125 0.4921875 0.1015625 0.271875
0 0.90546875 0.1671875 0.1046875 0.2765625