0 0.5796875 0.45546875 0.090625 0.165625
0 0.52734375 0.17890625 0.0875 0.159375
0 0.63671875 0.7375 0.0921875 0.16875
0 0.7203125 0.72109375 0.0890625 0.165625
0 0.61328125 0.165625 0.09375 0.15625
0 0.6671875 0.44140625 0.090625 0.175
0 0.7515625 0.421875 0.08125 0.1671875
0 0.80703125 0.7046875 0.0859375 0.1671875
0 0.70078125 0.14921875 0.0875 0.1609375
0 0.7828125 0.12890625 0.08125 0.1578125
0 0.1484375 0.53984375 0.0796875 0.1578125
0 0.09765625 0.26328125 0.078125 0.1625
0 0.20703125 0.81875 0.0875 0.1640625
0 0.18125 0.25 0.0890625 0.1703125
0 0.290625 0.8015625 0.0875 0.159375
0 0.2375 0.53046875 0.08125 0.16875
0 0.26796875 0.22890625 0.0828125 0.1640625
0 0.32421875 0.5109375 0.0875 0.1640625
0 0.3796875 0.78515625 0.0859375 0.1609375
0 0.4609375 0.771875 0.0796875 0.1625
0 0.409375 0.49609375 0.08125 0.1671875
0 0.3546875 0.21328125 0.090625 0.1609375
0 0.49375 0.4765625 0.0828125 0.1703125
0 0.44140625 0.19609375 0.084375 0.159375
0 0.55078125 0.75234375 0.09375 0.1625