0 0.42109375 0.4546875 0.09375 0.165625
0 0.478125 0.178125 0.0890625 0.1609375
0 0.35859375 0.73515625 0.09375 0.16875
0 0.27578125 0.7171875 0.090625 0.1671875
0 0.3921875 0.1640625 0.096875 0.1578125
0 0.334375 0.43828125 0.0921875 0.1765625
0 0.25 0.4171875 0.084375 0.16875
0 0.1890625 0.69921875 0.0875 0.1671875
0 0.30546875 0.1453125 0.090625 0.1625
0 0.2234375 0.12421875 0.0828125 0.1578125
0 0.85078125 0.54609375 0.08125 0.1578125
0 0.90703125 0.2703125 0.08125 0.1625
0 0.7875 0.82421875 0.090625 0.165625
0 0.82265625 0.25546875 0.0921875 0.171875
0 0.70390625 0.80546875 0.0890625 0.1609375
0 0.76171875 0.53515625 0.084375 0.1703125
0 0.73671875 0.2328125 0.0859375 0.1640625
0 0.67578125 0.5140625 0.090625 0.165625
0 0.615625 0.7875 0.0890625 0.1625
0 0.53359375 0.77265625 0.0828125 0.1640625
0 0.590625 0.49765625 0.084375 0.16875
0 0.65 0.215625 0.0921875 0.1609375
0 0.50625 0.4765625 0.0859375 0.1703125
0 0.56328125 0.196875 0.0859375 0.159375
0 0.4453125 0.75078125 0.0953125 0.1640625