0 0.19609375 0.859375 0.1859375 0.059375
0 0.51171875 0.85390625 0.1859375 0.0546875
0 0.82890625 0.85 0.1859375 0.0546875
0 0.19453125 0.69609375 0.190625 0.053125
0 0.50625 0.6890625 0.1921875 0.05625
0 0.82734375 0.684375 0.190625 0.0546875
0 0.1890625 0.53359375 0.1859375 0.05625
0 0.5046875 0.528125 0.190625 0.05625
0 0.8234375 0.52265625 0.1859375 0.05625
0 0.18671875 0.3734375 0.1875 0.0546875
0 0.503125 0.36640625 0.1859375 0.0578125
0 0.82109375 0.36484375 0.1859375 0.05
0 0.184375 0.21015625 0.1890625 0.0625
0 0.49921875 0.20390625 0.1875 0.059375
0 0.8203125 0.19765625 0.1859375 0.05625